S
3003.76,3003.76,3003.76,3003.76,3003.76
2995.69,2999.24,3001.77,3004.27,3007.83
2991.45,2997.18,3001.16,3005.21,3010.85
2990.25,2997.94,3003.34,3008.72,3016.48
2996.69,3006.25,3012.97,3019.67,3029.23
3000.85,3011.41,3018.93,3026.29,3036.84
2994.76,3005.91,3013.69,3021.42,3032.49
2986.66,2998.17,3006.08,3014.06,3025.48
2980.91,2992.52,3000.52,3008.64,3020.25
2976.3,2988.05,2996.25,3004.38,3016.11
2973.17,2985.13,2993.48,3001.85,3013.86
2972.41,2985.62,2994.77,3004.01,3017.22
2972.77,2986.82,2996.58,3006.35,3020.45

H
1134.5,1134.5,1134.5,1134.5,1134.5
1134.38,1134.43,1134.47,1134.51,1134.56
1134.31,1134.4,1134.46,1134.52,1134.61
1134.29,1134.41,1134.49,1134.58,1134.69
1134.39,1134.54,1134.64,1134.74,1134.89
1134.46,1134.62,1134.73,1134.84,1135
1134.36,1134.53,1134.65,1134.77,1134.94
1134.24,1134.41,1134.54,1134.66,1134.83
1134.15,1134.33,1134.45,1134.57,1134.75
1134.08,1134.26,1134.38,1134.51,1134.69
1134.03,1134.21,1134.34,1134.47,1134.65
1134.02,1134.22,1134.36,1134.5,1134.71
1134.02,1134.24,1134.39,1134.54,1134.75

Below1133.5
0
0
0
0
0
0
0
0
0
0
0
0
0

Q
2.38916,2.38916,2.38916,2.38916,2.38916
2.2319,2.3005,2.35008,2.39925,2.46984
2.15069,2.26052,2.33804,2.41781,2.53045
2.12802,2.27523,2.38092,2.48779,2.64486
2.25112,2.43835,2.57339,2.71028,2.91029
2.33192,2.54172,2.69502,2.8483,3.07287
2.21389,2.43168,2.58794,2.74651,2.97952
2.0605,2.27979,2.43512,2.59534,2.83112
1.95398,2.17104,2.32555,2.48613,2.72234
1.87005,2.08661,2.24261,2.40128,2.6371
1.81386,2.03197,2.18951,2.35161,2.59138
1.80039,2.04107,2.21415,2.39401,2.65998

E
119.283,119.283,119.283,119.283,119.283
110.724,114.448,117.149,119.835,123.704
106.337,112.276,116.492,120.85,127.039
105.115,113.075,118.832,124.69,133.365
111.766,121.976,129.408,137,148.193
116.159,127.66,136.15,144.711,157.377
109.75,121.61,130.212,139.018,152.094
101.489,113.322,121.799,130.622,143.748
95.7986,107.434,115.811,124.599,137.671
91.3423,102.889,111.305,119.945,132.934
88.3728,99.9609,108.431,117.232,130.402
87.663,100.448,109.764,119.548,134.204

Rev
-3.17933e+006,-3.17933e+006,-3.17933e+006,-3.17933e+006,-3.17933e+006
-5.31889e+006,-4.38797e+006,-3.71284e+006,-3.04134e+006,-2.07398e+006
-6.41585e+006,-4.93104e+006,-3.87705e+006,-2.78748e+006,-1.24032e+006
-6.7212e+006,-4.73135e+006,-3.29193e+006,-1.82744e+006,341166
-5.0584e+006,-2.50597e+006,-648022,1.24991e+006,4.04819e+006
-3.96036e+006,-1.08501e+006,1.03757e+006,3.17766e+006,6.34429e+006
-5.56258e+006,-2.59751e+006,-446978,1.75452e+006,5.0235e+006
-7.62783e+006,-4.66941e+006,-2.55026e+006,-344600,2.93697e+006
-9.05035e+006,-6.14152e+006,-4.04714e+006,-1.8503e+006,1.41778e+006
-1.01644e+007,-7.27769e+006,-5.17374e+006,-3.01365e+006,233597
-1.09068e+007,-8.00977e+006,-5.89218e+006,-3.69207e+006,-399381
-1.10843e+007,-7.88807e+006,-5.55911e+006,-3.11303e+006,550934

Interest
10,10,10,10,10
10,10,10,10,10
10,10,10,10,10
10,10,10,10,10
10,10,10,10,10
9.93572,10,10,10,10
10,10,10,10,10
10,10,10,10,10
10,10,10,10,10
10,10,10,10,10
10,10,10,10,10
10,10,10,10,10

Annual Rev
-7.90723e+007,-5.473e+007,-3.71904e+007,-1.92203e+007,7.66632e+006

Annual Interest
119.849,120,120,120,140.24

Re storage
3003.76,3003.76,3003.76,3003.76,3003.76
2997.72,3000.09,3001.78,3003.46,3005.83
2990.27,2996.68,3001.18,3005.75,3012.19
2987.17,2996.71,3003.31,3010.09,3019.65
2991.87,3004.35,3012.95,3021.62,3034.01
2994.88,3009.03,3018.88,3028.69,3042.93
2988.11,3003.23,3013.67,3024.2,3039.04
2979.57,2995.22,3006.07,3016.96,3032.29
2973.52,2989.48,3000.51,3011.62,3027.34
2968.76,2984.98,2996.19,3007.39,3023.39
2965.32,2981.91,2993.45,3004.87,3021.36
2964.5,2982.46,2994.81,3007.05,3024.9
2964.01,2983.31,2996.54,3009.8,3028.76

ReH
1134.5,1134.5,1134.5,1134.5,1134.5
1134.41,1134.44,1134.47,1134.5,1134.53
1134.29,1134.39,1134.46,1134.53,1134.63
1134.25,1134.39,1134.49,1134.6,1134.74
1134.32,1134.51,1134.64,1134.77,1134.96
1134.36,1134.58,1134.73,1134.88,1135.1
1134.26,1134.49,1134.65,1134.81,1135.04
1134.13,1134.37,1134.54,1134.7,1134.93
1134.03,1134.28,1134.45,1134.62,1134.86
1133.96,1134.21,1134.38,1134.56,1134.8
1133.91,1134.16,1134.34,1134.52,1134.77
1133.89,1134.17,1134.36,1134.55,1134.82
1133.89,1134.19,1134.39,1134.59,1134.88

ReBelow1133.5
0
0
0
0
0
0
0
0
0
0
0
0
0

ReQ
2.38916,2.38916,2.38916,2.38916,2.38916
2.27096,2.31719,2.3501,2.3833,2.43011
2.12838,2.25092,2.33852,2.42855,2.55761
2.07011,2.25144,2.38018,2.51518,2.70988
2.15875,2.40084,2.57282,2.75075,3.01203
2.21623,2.49397,2.69405,2.89867,3.20535
2.08762,2.37874,2.58757,2.8043,3.12057
1.92945,2.22279,2.43486,2.65455,2.97531
1.82015,2.11347,2.32537,2.546,2.87035
1.73575,2.02918,2.24154,2.46108,2.7875
1.67585,1.97234,2.18888,2.41099,2.74537
1.66166,1.98248,2.21484,2.45435,2.81911

ReE
119.283,119.283,119.283,119.283,119.283
112.843,115.356,117.149,118.962,121.524
105.135,111.755,116.518,121.438,128.537
102.004,111.783,118.792,126.198,136.977
106.771,119.921,129.377,139.255,153.931
109.876,125.03,136.097,147.539,164.917
102.943,118.713,130.192,142.247,160.087
94.4938,110.231,121.784,133.902,151.857
88.705,104.333,115.802,127.896,145.948
84.2637,99.8117,111.247,123.223,141.307
81.127,96.7764,108.397,120.477,138.954
80.3859,97.3169,109.801,122.854,143.075

ReRev
-3.17933e+006,-3.17933e+006,-3.17933e+006,-3.17933e+006,-3.17933e+006
-4.78931e+006,-4.16095e+006,-3.71265e+006,-3.25938e+006,-2.61893e+006
-6.71632e+006,-5.06115e+006,-3.87043e+006,-2.64039e+006,-865870
-7.49909e+006,-5.05413e+006,-3.30201e+006,-1.45058e+006,1.24437e+006
-6.30731e+006,-3.01968e+006,-655792,1.81363e+006,5.48278e+006
-5.53093e+006,-1.74251e+006,1.02413e+006,3.88481e+006,8.22934e+006
-7.26416e+006,-3.32164e+006,-452071,2.56164e+006,7.02166e+006
-9.37656e+006,-5.44224e+006,-2.55391e+006,475503,4.96413e+006
-1.08237e+007,-6.91683e+006,-4.04955e+006,-1.02604e+006,3.48705e+006
-1.19341e+007,-8.04707e+006,-5.18828e+006,-2.19427e+006,2.32666e+006
-1.27182e+007,-8.80589e+006,-5.90069e+006,-2.88074e+006,1.73862e+006
-1.29035e+007,-8.67077e+006,-5.5498e+006,-2.28659e+006,2.7688e+006

ReInterest
10,10,10,10,10
10,10,10,10,10
10,10,10,10,10
10,10,10,10,10
10,10,10,10,10
8.09457,10,10,10,10
9.26876,10,10,10,10
10,10,10,10,10
10,10,10,10,10
10,10,10,10,30.7858
10,10,10,10,31.8507
10,10,10,10,32.1054

ReAnnual Rev
-9.31362e+007,-6.08286e+007,-3.71966e+007,-1.26908e+007,2.41473e+007

ReAnnual Interest
117.086,120,120,120,184.095

Future Storage
1 year Storage Distribution
3003.76,3003.76,3003.76,3003.76,3003.76
2995.69,2999.24,3001.77,3004.27,3007.83
2991.45,2997.18,3001.16,3005.21,3010.85
2990.25,2997.94,3003.34,3008.72,3016.48
2996.69,3006.25,3012.97,3019.67,3029.23
3000.85,3011.41,3018.93,3026.29,3036.84
2994.76,3005.91,3013.69,3021.42,3032.49
2986.66,2998.17,3006.08,3014.06,3025.48
2980.91,2992.52,3000.52,3008.64,3020.25
2976.3,2988.05,2996.25,3004.38,3016.11
2973.17,2985.13,2993.48,3001.85,3013.86
2972.41,2985.62,2994.77,3004.01,3017.22
2972.77,2986.82,2996.58,3006.35,3020.45

Mean,3001.77,stdvar,3.68224
Mean,3001.16,stdvar,5.88569
Mean,3003.34,stdvar,7.96673
Mean,3012.97,stdvar,9.8887
Mean,3018.93,stdvar,10.9431
Mean,3013.69,stdvar,11.4703
Mean,3006.08,stdvar,11.7888
Mean,3000.52,stdvar,11.9434
Mean,2996.25,stdvar,12.0924
Mean,2993.48,stdvar,12.3988
Mean,2994.77,stdvar,13.6268
Mean,2996.58,stdvar,14.4789

2 year Storage Distribution
2972.77,2986.82,2996.58,3006.35,3020.45
2970.64,2984.84,2994.73,3004.68,3018.75
2969.32,2984.14,2994.37,3004.57,3019.1
2970.6,2985.94,2996.64,3007.3,3022.57
2978.92,2995.07,3006.44,3017.62,3033.65
2984.18,3000.87,3012.45,3024.01,3040.46
2978.93,2995.79,3007.34,3018.99,3035.63
2971.42,2988.27,2999.89,3011.57,3028.2
2966,2982.94,2994.46,3006.06,3022.69
2961.85,2978.76,2990.28,3001.84,3018.39
2959.15,2976.09,2987.57,2999.22,3015.82
2959.35,2976.97,2989.02,3001.08,3018.35
2960.43,2978.48,2990.95,3003.32,3021.08

Mean,2994.73,stdvar,14.6625
Mean,2994.37,stdvar,15.1157
Mean,2996.64,stdvar,15.7863
Mean,3006.44,stdvar,16.6364
Mean,3012.45,stdvar,17.0826
Mean,3007.34,stdvar,17.2068
Mean,2999.89,stdvar,17.2458
Mean,2994.46,stdvar,17.1845
Mean,2990.28,stdvar,17.1286
Mean,2987.57,stdvar,17.1743
Mean,2989.02,stdvar,17.9267
Mean,2990.95,stdvar,18.4339

3 year Storage Distribution
2960.43,2978.48,2990.95,3003.32,3021.08
2958.6,2976.73,2989.17,3001.64,3019.29
2957.98,2976.25,2988.87,3001.44,3019.55
2959.6,2978.27,2991.28,3004.14,3022.55
2968.59,2987.79,3001.14,3014.36,3033.43
2974.06,2993.7,3007.26,3020.71,3040.06
2969.12,2988.74,3002.35,3015.79,3035.09
2961.97,2981.47,2994.87,3008.41,3027.72
2956.83,2976.32,2989.58,3002.89,3022.07
2952.92,2972.26,2985.45,2998.8,3017.63
2950.48,2969.73,2982.91,2996.18,3014.98
2951.04,2970.86,2984.46,2998.1,3017.49
2952.41,2972.57,2986.44,3000.32,3020.25

Mean,2989.17,stdvar,18.4564
Mean,2988.87,stdvar,18.699
Mean,2991.28,stdvar,19.1392
Mean,3001.14,stdvar,19.7467
Mean,3007.26,stdvar,20.0219
Mean,3002.35,stdvar,20.0526
Mean,2994.87,stdvar,19.9682
Mean,2989.58,stdvar,19.828
Mean,2985.45,stdvar,19.6797
Mean,2982.91,stdvar,19.6434
Mean,2984.46,stdvar,20.2227
Mean,2986.44,stdvar,20.6151

4 year Storage Distribution
2952.41,2972.57,2986.44,3000.32,3020.25
2950.76,2970.94,2984.8,2998.66,3018.51
2950.26,2970.65,2984.51,2998.53,3018.38
2952.27,2972.76,2987.09,3001.29,3021.4
2961.36,2982.28,2997.01,3011.47,3032.26
2967.27,2988.42,3003.25,3017.84,3038.71
2962.51,2983.62,2998.3,3012.95,3033.81
2955.33,2976.43,2991.02,3005.47,3026.34
2950.3,2971.28,2985.8,3000.15,3020.69
2946.59,2967.35,2981.75,2995.99,3016.25
2944.22,2964.98,2979.27,2993.46,3013.59
2944.82,2966.14,2980.77,2995.4,3015.99
2946.35,2967.96,2982.89,2997.61,3018.53

Mean,2984.8,stdvar,20.5693
Mean,2984.51,stdvar,20.7151
Mean,2987.09,stdvar,21.0674
Mean,2997.01,stdvar,21.5431
Mean,3003.25,stdvar,21.7206
Mean,2998.3,stdvar,21.6672
Mean,2991.02,stdvar,21.5575
Mean,2985.8,stdvar,21.3737
Mean,2981.75,stdvar,21.2017
Mean,2979.27,stdvar,21.1221
Mean,2980.77,stdvar,21.6447
Mean,2982.89,stdvar,21.9808

5 year Storage Distribution
2946.35,2967.96,2982.89,2997.61,3018.53
2944.88,2966.42,2981.29,2995.97,3016.79
2944.49,2966.12,2981.18,2995.86,3016.94
2946.58,2968.55,2983.73,2998.57,3019.84
2955.87,2978.16,2993.63,3008.84,3030.5
2961.88,2984.36,2999.95,3015.16,3036.97
2957.08,2979.6,2995.08,3010.28,3032.01
2950.11,2972.53,2987.85,3002.91,3024.55
2945.25,2967.44,2982.72,2997.6,3018.98
2941.64,2963.64,2978.72,2993.5,3014.59
2939.25,2961.34,2976.24,2991.08,3011.93
2940.13,2962.67,2977.95,2992.92,3014.33
2941.85,2964.6,2979.95,2995.22,3016.81

Mean,2981.29,stdvar,21.8903
Mean,2981.18,stdvar,21.9871
Mean,2983.73,stdvar,22.2782
Mean,2993.63,stdvar,22.6906
Mean,2999.95,stdvar,22.8214
Mean,2995.08,stdvar,22.7593
Mean,2987.85,stdvar,22.6108
Mean,2982.72,stdvar,22.4062
Mean,2978.72,stdvar,22.2052
Mean,2976.24,stdvar,22.0928
Mean,2977.95,stdvar,22.4892
Mean,2979.95,stdvar,22.7843

6 year Storage Distribution
2941.85,2964.6,2979.95,2995.22,3016.81
2940.41,2963.07,2978.38,2993.63,3014.91
2940.2,2962.88,2978.33,2993.57,3014.98
2942.46,2965.34,2980.9,2996.32,3017.74
2951.9,2975.02,2990.99,3006.64,3028.64
2957.96,2981.4,2997.31,3013.08,3035.1
2953.29,2976.66,2992.5,3008.24,3030.15
2946.47,2969.64,2985.35,3000.93,3022.73
2941.62,2964.6,2980.25,2995.63,3017.22
2938.05,2960.83,2976.29,2991.55,3013.1
2935.84,2958.52,2973.92,2989.09,3010.43
2936.81,2959.9,2975.6,2990.91,3012.76
2938.5,2961.86,2977.73,2993.29,3015.41

Mean,2978.38,stdvar,22.6804
Mean,2978.33,stdvar,22.7663
Mean,2980.9,stdvar,22.9928
Mean,2990.99,stdvar,23.3685
Mean,2997.31,stdvar,23.4638
Mean,2992.5,stdvar,23.3601
Mean,2985.35,stdvar,23.1755
Mean,2980.25,stdvar,22.9624
Mean,2976.29,stdvar,22.775
Mean,2973.92,stdvar,22.6456
Mean,2975.6,stdvar,23.0661
Mean,2977.73,stdvar,23.335

7 year Storage Distribution
2938.5,2961.86,2977.73,2993.29,3015.41
2937.31,2960.41,2976.19,2991.69,3013.67
2937.14,2960.4,2976.12,2991.72,3013.82
2939.45,2962.79,2978.69,2994.47,3016.88
2949.02,2972.71,2988.87,3004.74,3027.39
2955.22,2978.96,2995.28,3011.24,3034
2950.61,2974.36,2990.49,3006.49,3029.12
2943.76,2967.29,2983.35,2999.27,3021.6
2939.14,2962.37,2978.28,2993.93,3015.99
2935.54,2958.61,2974.29,2989.82,3011.69
2933.38,2956.4,2971.99,2987.38,3009.08
2934.29,2957.83,2973.69,2989.42,3011.46
2936.21,2959.84,2975.78,2991.72,3014.08

Mean,2976.19,stdvar,23.2181
Mean,2976.12,stdvar,23.2996
Mean,2978.69,stdvar,23.5182
Mean,2988.87,stdvar,23.8619
Mean,2995.28,stdvar,23.9589
Mean,2990.49,stdvar,23.8512
Mean,2983.35,stdvar,23.6534
Mean,2978.28,stdvar,23.4078
Mean,2974.29,stdvar,23.1966
Mean,2971.99,stdvar,23.0578
Mean,2973.69,stdvar,23.4319
Mean,2975.78,stdvar,23.6927

8 year Storage Distribution
2936.21,2959.84,2975.78,2991.72,3014.08
2934.91,2958.46,2974.32,2990.2,3012.46
2934.63,2958.27,2974.28,2990.06,3012.45
2937.04,2960.74,2976.94,2992.94,3015.5
2946.56,2970.63,2987.06,3003.17,3026.05
2952.97,2976.93,2993.4,3009.7,3032.42
2948.37,2972.27,2988.67,3004.9,3027.67
2941.55,2965.24,2981.69,2997.64,3020.22
2936.82,2960.38,2976.58,2992.44,3014.69
2933.3,2956.64,2972.65,2988.46,3010.46
2931.05,2954.4,2970.42,2986,3007.93
2932.2,2955.88,2972.1,2988.04,3010.28
2933.89,2957.93,2974.32,2990.28,3013.05

Mean,2974.32,stdvar,23.5694
Mean,2974.28,stdvar,23.6243
Mean,2976.94,stdvar,23.8772
Mean,2987.06,stdvar,24.1885
Mean,2993.4,stdvar,24.253
Mean,2988.67,stdvar,24.162
Mean,2981.69,stdvar,23.9919
Mean,2976.58,stdvar,23.75
Mean,2972.65,stdvar,23.5147
Mean,2970.42,stdvar,23.3995
Mean,2972.1,stdvar,23.8022
Mean,2974.32,stdvar,24.0657

9 year Storage Distribution
2933.89,2957.93,2974.32,2990.28,3013.05
2932.71,2956.55,2972.95,2988.77,3011.22
2932.51,2956.54,2972.86,2988.74,3011.19
2934.95,2959.12,2975.56,2991.58,3014.33
2944.41,2969.02,2985.73,3001.95,3025.02
2950.66,2975.56,2992.13,3008.46,3031.58
2946.11,2970.9,2987.48,3003.71,3026.67
2939.42,2963.91,2980.41,2996.43,3019.21
2934.77,2958.99,2975.37,2991.22,3013.71
2931.26,2955.31,2971.52,2987.23,3009.55
2929.3,2953.1,2969.21,2984.81,3006.98
2930.28,2954.39,2970.91,2986.77,3009.44
2932.11,2956.47,2973.11,2989.2,3012.05

Mean,2972.95,stdvar,23.927
Mean,2972.86,stdvar,23.9688
Mean,2975.56,stdvar,24.1911
Mean,2985.73,stdvar,24.5174
Mean,2992.13,stdvar,24.6001
Mean,2987.48,stdvar,24.4793
Mean,2980.41,stdvar,24.2689
Mean,2975.37,stdvar,24.0267
Mean,2971.52,stdvar,23.8028
Mean,2969.21,stdvar,23.6717
Mean,2970.91,stdvar,24.0459
Mean,2973.11,stdvar,24.2898

10 year Storage Distribution
2932.11,2956.47,2973.11,2989.2,3012.05
2930.91,2955.14,2971.73,2987.63,3010.26
2930.93,2955.15,2971.7,2987.72,3010.41
2933.34,2957.71,2974.42,2990.62,3013.35
2942.96,2967.64,2984.53,3001.07,3024.31
2949.41,2974,2991.05,3007.55,3030.78
2944.97,2969.45,2986.39,3002.86,3025.9
2938.31,2962.63,2979.26,2995.69,3018.48
2933.57,2957.71,2974.21,2990.5,3013.11
2930.1,2954.1,2970.39,2986.5,3008.69
2928.05,2951.9,2968.13,2984.15,3006.25
2929.05,2953.36,2969.94,2986.11,3008.66
2930.89,2955.47,2972.18,2988.5,3011.23

Mean,2971.73,stdvar,24.1312
Mean,2971.7,stdvar,24.1474
Mean,2974.42,stdvar,24.3624
Mean,2984.53,stdvar,24.706
Mean,2991.05,stdvar,24.7774
Mean,2986.39,stdvar,24.6597
Mean,2979.26,stdvar,24.4518
Mean,2974.21,stdvar,24.211
Mean,2970.39,stdvar,23.9792
Mean,2968.13,stdvar,23.8383
Mean,2969.94,stdvar,24.2126
Mean,2972.18,stdvar,24.4285

11 year Storage Distribution
2930.89,2955.47,2972.18,2988.5,3011.23
2929.69,2954.12,2970.75,2986.96,3009.58
2929.65,2954.07,2970.82,2986.97,3009.61
2932.14,2956.65,2973.6,2989.86,3012.62
2941.83,2966.67,2983.72,3000.22,3023.47
2948.25,2973.19,2990.18,3006.79,3030.12
2943.78,2968.6,2985.56,3002.11,3025.36
2936.98,2961.68,2978.5,2994.95,3017.9
2932.41,2956.82,2973.46,2989.72,3012.46
2928.91,2953.19,2969.65,2985.72,3008.29
2926.89,2951.04,2967.37,2983.37,3005.62
2928.1,2952.6,2969.07,2985.36,3008.14
2930.08,2954.72,2971.33,2987.81,3010.88

Mean,2970.75,stdvar,24.2922
Mean,2970.82,stdvar,24.333
Mean,2973.6,stdvar,24.5008
Mean,2983.72,stdvar,24.8078
Mean,2990.18,stdvar,24.9093
Mean,2985.56,stdvar,24.7968
Mean,2978.5,stdvar,24.5962
Mean,2973.46,stdvar,24.3432
Mean,2969.65,stdvar,24.1259
Mean,2967.37,stdvar,23.9565
Mean,2969.07,stdvar,24.3443
Mean,2971.33,stdvar,24.5647

12 year Storage Distribution
2930.08,2954.72,2971.33,2987.81,3010.88
2928.92,2953.41,2970,2986.34,3009.13
2928.75,2953.43,2970.01,2986.29,3009.19
2931.29,2956.03,2972.73,2989.19,3012.36
2940.74,2965.97,2982.86,2999.54,3022.99
2947.33,2972.34,2989.35,3006.09,3029.53
2942.92,2967.93,2984.72,3001.4,3024.67
2936.13,2961.06,2977.68,2994.19,3017.28
2931.57,2956.18,2972.66,2989.08,3011.9
2928.24,2952.51,2968.85,2985.13,3007.66
2926.29,2950.35,2966.56,2982.77,3005.13
2927.38,2951.88,2968.38,2984.74,3007.59
2929.25,2953.95,2970.71,2987.16,3010.16

Mean,2970,stdvar,24.4046
Mean,2970.01,stdvar,24.4294
Mean,2972.73,stdvar,24.6155
Mean,2982.86,stdvar,24.924
Mean,2989.35,stdvar,24.9777
Mean,2984.72,stdvar,24.8488
Mean,2977.68,stdvar,24.6524
Mean,2972.66,stdvar,24.4083
Mean,2968.85,stdvar,24.1563
Mean,2966.56,stdvar,23.9993
Mean,2968.38,stdvar,24.3553
Mean,2970.71,stdvar,24.5967

13 year Storage Distribution
2929.25,2953.95,2970.71,2987.16,3010.16
2928.12,2952.65,2969.27,2985.68,3008.5
2928.09,2952.64,2969.35,2985.76,3008.64
2930.54,2955.25,2972.11,2988.64,3011.64
2940.17,2965.21,2982.25,2998.99,3022.36
2946.67,2971.64,2988.82,3005.53,3029.01
2942.43,2967.24,2984.2,3000.87,3024.16
2935.73,2960.29,2977.11,2993.74,3016.84
2930.95,2955.43,2972.14,2988.57,3011.39
2927.54,2951.71,2968.33,2984.62,3007.14
2925.65,2949.57,2966.06,2982.26,3004.69
2927.16,2951.13,2967.92,2984.2,3007.06
2929.06,2953.37,2970.2,2986.63,3009.66

Mean,2969.27,stdvar,24.4379
Mean,2969.35,stdvar,24.4577
Mean,2972.11,stdvar,24.6613
Mean,2982.25,stdvar,25.0133
Mean,2988.82,stdvar,25.0834
Mean,2984.2,stdvar,24.9193
Mean,2977.11,stdvar,24.7097
Mean,2972.14,stdvar,24.4508
Mean,2968.33,stdvar,24.2226
Mean,2966.06,stdvar,24.0574
Mean,2967.92,stdvar,24.4039
Mean,2970.2,stdvar,24.6126

14 year Storage Distribution
2929.06,2953.37,2970.2,2986.63,3009.66
2927.86,2952.08,2968.77,2985.17,3008.15
2928.04,2952.06,2968.89,2985.15,3007.99
2930.38,2954.8,2971.66,2988.04,3011.22
2939.88,2964.77,2981.81,2998.52,3021.98
2946.37,2971.28,2988.34,3005.04,3028.53
2942.01,2966.77,2983.66,3000.32,3023.73
2935.31,2959.89,2976.65,2993.18,3016.27
2930.54,2954.99,2971.69,2988.01,3010.98
2927.19,2951.4,2967.84,2984.05,3006.82
2925.3,2949.31,2965.62,2981.7,3004.09
2926.54,2950.98,2967.46,2983.81,3006.68
2928.42,2953.06,2969.71,2986.16,3009.39

Mean,2968.77,stdvar,24.4748
Mean,2968.89,stdvar,24.4608
Mean,2971.66,stdvar,24.6487
Mean,2981.81,stdvar,24.9644
Mean,2988.34,stdvar,25.0389
Mean,2983.66,stdvar,24.8978
Mean,2976.65,stdvar,24.6884
Mean,2971.69,stdvar,24.4552
Mean,2967.84,stdvar,24.2184
Mean,2965.62,stdvar,24.0207
Mean,2967.46,stdvar,24.3841
Mean,2969.71,stdvar,24.619

15 year Storage Distribution
2928.42,2953.06,2969.71,2986.16,3009.39
2927.23,2951.81,2968.39,2984.69,3007.81
2927.14,2951.73,2968.4,2984.74,3007.9
2929.66,2954.33,2971.19,2987.61,3010.83
2939.38,2964.47,2981.42,2997.95,3021.62
2945.84,2970.87,2987.97,3004.5,3028.24
2941.47,2966.38,2983.27,2999.84,3023.48
2934.68,2959.47,2976.36,2992.68,3016.09
2930.15,2954.67,2971.39,2987.52,3010.67
2926.73,2951.03,2967.54,2983.61,3006.46
2924.6,2948.86,2965.27,2981.26,3003.98
2925.68,2950.47,2967.09,2983.34,3006.33
2927.79,2952.58,2969.38,2985.71,3009.12

Mean,2968.39,stdvar,24.4697
Mean,2968.4,stdvar,24.5186
Mean,2971.19,stdvar,24.7016
Mean,2981.42,stdvar,24.9737
Mean,2987.97,stdvar,25.0388
Mean,2983.27,stdvar,24.9115
Mean,2976.36,stdvar,24.7086
Mean,2971.39,stdvar,24.4682
Mean,2967.54,stdvar,24.2277
Mean,2965.27,stdvar,24.0706
Mean,2967.09,stdvar,24.4507
Mean,2969.38,stdvar,24.6617

16 year Storage Distribution
2927.79,2952.58,2969.38,2985.71,3009.12
2926.71,2951.26,2968.08,2984.23,3007.36
2926.71,2951.35,2968.07,2984.4,3007.45
2929.3,2954,2970.8,2987.33,3010.49
2938.99,2963.97,2981,2997.81,3021.01
2945.5,2970.43,2987.55,3004.33,3027.8
2941.1,2965.84,2983,2999.7,3022.91
2934.32,2959.04,2975.96,2992.49,3015.5
2929.77,2954.2,2971.05,2987.33,3010.15
2926.31,2950.61,2967.21,2983.38,3005.98
2924.44,2948.45,2964.99,2981.06,3003.57
2925.69,2950.07,2966.74,2983.2,3006.01
2927.5,2952.24,2968.99,2985.52,3008.52

Mean,2968.08,stdvar,24.4822
Mean,2968.07,stdvar,24.509
Mean,2970.8,stdvar,24.693
Mean,2981,stdvar,25.0052
Mean,2987.55,stdvar,25.0716
Mean,2983,stdvar,24.9287
Mean,2975.96,stdvar,24.7365
Mean,2971.05,stdvar,24.4735
Mean,2967.21,stdvar,24.2418
Mean,2964.99,stdvar,24.0818
Mean,2966.74,stdvar,24.4425
Mean,2968.99,stdvar,24.629

17 year Storage Distribution
2927.5,2952.24,2968.99,2985.52,3008.52
2926.49,2950.94,2967.65,2984.15,3007.02
2926.57,2950.97,2967.74,2984.24,3007.15
2929.14,2953.72,2970.61,2987.07,3010.39
2938.92,2963.76,2980.82,2997.56,3021.07
2945.25,2970.17,2987.4,3004.13,3027.74
2941.02,2965.63,2982.8,2999.46,3022.97
2934.4,2958.83,2975.76,2992.29,3015.61
2929.73,2954,2970.86,2987.12,3010.28
2926.33,2950.42,2967.09,2983.1,3006.1
2924.43,2948.33,2964.93,2980.86,3003.55
2925.5,2949.92,2966.69,2982.98,3005.86
2927.6,2951.98,2969.06,2985.38,3008.46

Mean,2967.65,stdvar,24.4966
Mean,2967.74,stdvar,24.5254
Mean,2970.61,stdvar,24.7127
Mean,2980.82,stdvar,25.0369
Mean,2987.4,stdvar,25.0924
Mean,2982.8,stdvar,24.9572
Mean,2975.76,stdvar,24.7321
Mean,2970.86,stdvar,24.4705
Mean,2967.09,stdvar,24.2421
Mean,2964.93,stdvar,24.0729
Mean,2966.69,stdvar,24.4423
Mean,2969.06,stdvar,24.6321

18 year Storage Distribution
2927.6,2951.98,2969.06,2985.38,3008.46
2926.49,2950.73,2967.68,2983.96,3006.78
2926.57,2950.82,2967.7,2983.99,3006.89
2929.03,2953.49,2970.48,2986.9,3009.97
2938.67,2963.51,2980.61,2997.38,3020.6
2945.28,2970.07,2987.08,3003.95,3027.42
2940.89,2965.54,2982.52,2999.3,3022.51
2934.28,2958.57,2975.5,2992.13,3015.43
2929.62,2953.86,2970.58,2987,3009.99
2926.21,2950.18,2966.79,2983.03,3005.79
2924.22,2948.13,2964.61,2980.73,3003.1
2925.38,2949.67,2966.44,2982.87,3005.58
2927.18,2951.95,2968.63,2985.28,3008.24

Mean,2967.68,stdvar,24.4719
Mean,2967.7,stdvar,24.509
Mean,2970.48,stdvar,24.7268
Mean,2980.61,stdvar,25.0008
Mean,2987.08,stdvar,25.0595
Mean,2982.52,stdvar,24.9441
Mean,2975.5,stdvar,24.7329
Mean,2970.58,stdvar,24.4907
Mean,2966.79,stdvar,24.2539
Mean,2964.61,stdvar,24.092
Mean,2966.44,stdvar,24.4365
Mean,2968.63,stdvar,24.6387

19 year Storage Distribution
2927.18,2951.95,2968.63,2985.28,3008.24
2926.16,2950.73,2967.3,2983.85,3006.81
2926.21,2950.72,2967.35,2983.95,3006.72
2928.65,2953.42,2970.14,2986.84,3009.84
2938.43,2963.47,2980.37,2997.24,3020.7
2944.93,2969.97,2987.05,3003.84,3027.24
2940.54,2965.48,2982.48,2999.09,3022.43
2933.86,2958.67,2975.49,2991.92,3015.06
2929.31,2953.85,2970.51,2986.78,3009.7
2925.79,2950.21,2966.79,2982.89,3005.61
2923.86,2948.2,2964.53,2980.59,3003.02
2925.11,2949.81,2966.35,2982.63,3005.45
2926.94,2951.84,2968.61,2985.06,3007.83

Mean,2967.3,stdvar,24.4846
Mean,2967.35,stdvar,24.5004
Mean,2970.14,stdvar,24.7333
Mean,2980.37,stdvar,25.0477
Mean,2987.05,stdvar,25.1055
Mean,2982.48,stdvar,24.9793
Mean,2975.49,stdvar,24.7722
Mean,2970.51,stdvar,24.5094
Mean,2966.79,stdvar,24.2674
Mean,2964.53,stdvar,24.0966
Mean,2966.35,stdvar,24.4292
Mean,2968.61,stdvar,24.6409

20 year Storage Distribution
2926.94,2951.84,2968.61,2985.06,3007.83
2925.87,2950.62,2967.35,2983.64,3006.31
2925.84,2950.75,2967.39,2983.71,3006.48
2928.38,2953.46,2970.19,2986.66,3009.61
2938.2,2963.45,2980.43,2997.09,3020.51
2944.72,2969.88,2986.89,3003.69,3027.13
2940.42,2965.42,2982.35,2999.11,3022.32
2933.7,2958.61,2975.34,2991.96,3014.85
2929.08,2953.81,2970.38,2986.81,3009.4
2925.61,2950.16,2966.64,2982.86,3005.34
2923.73,2948.06,2964.4,2980.44,3002.99
2925.08,2949.67,2966.21,2982.54,3005.38
2926.9,2951.81,2968.56,2984.96,3008.03

Mean,2967.35,stdvar,24.4803
Mean,2967.39,stdvar,24.5005
Mean,2970.19,stdvar,24.7198
Mean,2980.43,stdvar,25.0424
Mean,2986.89,stdvar,25.1181
Mean,2982.35,stdvar,24.9695
Mean,2975.34,stdvar,24.7816
Mean,2970.38,stdvar,24.5272
Mean,2966.64,stdvar,24.302
Mean,2964.4,stdvar,24.1417
Mean,2966.21,stdvar,24.484
Mean,2968.56,stdvar,24.7059

21 year Storage Distribution
2926.9,2951.81,2968.56,2984.96,3008.03
2925.86,2950.54,2967.24,2983.5,3006.49
2925.78,2950.67,2967.37,2983.6,3006.63
2928.26,2953.29,2970.16,2986.68,3009.72
2937.92,2963.29,2980.45,2997.08,3020.47
2944.41,2969.68,2986.9,3003.58,3027.23
2940.14,2965.25,2982.4,2998.93,3022.29
2933.55,2958.35,2975.43,2991.78,3014.92
2928.98,2953.61,2970.51,2986.64,3009.49
2925.71,2950.05,2966.62,2982.73,3005.46
2923.67,2947.96,2964.4,2980.4,3003.03
2924.86,2949.56,2966.24,2982.44,3005.33
2926.74,2951.66,2968.57,2984.91,3008.19

Mean,2967.24,stdvar,24.5555
Mean,2967.37,stdvar,24.5549
Mean,2970.16,stdvar,24.7413
Mean,2980.45,stdvar,25.0662
Mean,2986.9,stdvar,25.129
Mean,2982.4,stdvar,25.0007
Mean,2975.43,stdvar,24.7941
Mean,2970.51,stdvar,24.5392
Mean,2966.62,stdvar,24.3053
Mean,2964.4,stdvar,24.1498
Mean,2966.24,stdvar,24.5122
Mean,2968.57,stdvar,24.7429

Re Future Storage
1 year Storage Distribution
3003.76,3003.76,3003.76,3003.76,3003.76
2997.72,3000.09,3001.78,3003.46,3005.83
2990.27,2996.68,3001.18,3005.75,3012.19
2987.17,2996.71,3003.31,3010.09,3019.65
2991.87,3004.35,3012.95,3021.62,3034.01
2994.88,3009.03,3018.88,3028.69,3042.93
2988.11,3003.23,3013.67,3024.2,3039.04
2979.57,2995.22,3006.07,3016.96,3032.29
2973.52,2989.48,3000.51,3011.62,3027.34
2968.76,2984.98,2996.19,3007.39,3023.39
2965.32,2981.91,2993.45,3004.87,3021.36
2964.5,2982.46,2994.81,3007.05,3024.9
2964.01,2983.31,2996.54,3009.8,3028.76

Mean,3001.78,stdvar,2.46802
Mean,3001.18,stdvar,6.662
Mean,3003.31,stdvar,9.86684
Mean,3012.95,stdvar,12.782
Mean,3018.88,stdvar,14.5925
Mean,3013.67,stdvar,15.5246
Mean,3006.07,stdvar,16.0514
Mean,3000.51,stdvar,16.3506
Mean,2996.19,stdvar,16.5898
Mean,2993.45,stdvar,16.9568
Mean,2994.81,stdvar,18.2957
Mean,2996.54,stdvar,19.6371

2 year Storage Distribution
2964.01,2983.31,2996.54,3009.8,3028.76
2962.21,2981.41,2994.69,3007.94,3026.86
2961.45,2980.8,2994.29,3007.49,3026.62
2963.16,2982.9,2996.62,3010.11,3029.58
2972.03,2992.27,3006.35,3020.25,3040.12
2977.83,2998.17,3012.43,3026.49,3046.46
2972.66,2993.06,3007.34,3021.38,3041.43
2965.43,2985.68,2999.88,3013.91,3033.67
2960.21,2980.34,2994.46,3008.38,3028.06
2956.32,2976.31,2990.21,3004.02,3023.63
2953.87,2973.69,2987.55,3001.38,3020.87
2954.37,2974.77,2989.01,3003.18,3023.09
2955.68,2976.45,2990.94,3005.33,3025.56

Mean,2994.69,stdvar,19.618
Mean,2994.29,stdvar,19.8052
Mean,2996.62,stdvar,20.176
Mean,3006.35,stdvar,20.7173
Mean,3012.43,stdvar,20.9352
Mean,3007.34,stdvar,20.9331
Mean,2999.88,stdvar,20.8175
Mean,2994.46,stdvar,20.6532
Mean,2990.21,stdvar,20.4808
Mean,2987.55,stdvar,20.4163
Mean,2989.01,stdvar,20.9138
Mean,2990.94,stdvar,21.2656

3 year Storage Distribution
2955.68,2976.45,2990.94,3005.33,3025.56
2954.1,2974.74,2989.2,3003.52,3023.6
2953.6,2974.39,2988.91,3003.21,3023.57
2955.39,2976.55,2991.28,3005.8,3026.29
2964.37,2986.16,3001.07,3015.94,3037.04
2970.37,2992.21,3007.24,3022.19,3043.41
2965.33,2987.28,3002.26,3017.19,3038.32
2958.24,2979.96,2994.87,3009.71,3030.59
2953.22,2974.78,2989.58,3004.19,3025.06
2949.48,2970.83,2985.41,2999.95,3020.66
2947.14,2968.37,2982.89,2997.35,3017.8
2948.08,2969.58,2984.42,2999.2,3020.17
2949.55,2971.35,2986.38,3001.35,3022.66

Mean,2989.2,stdvar,21.1651
Mean,2988.91,stdvar,21.2983
Mean,2991.28,stdvar,21.6011
Mean,3001.07,stdvar,22.054
Mean,3007.24,stdvar,22.2103
Mean,3002.26,stdvar,22.1423
Mean,2994.87,stdvar,22.0011
Mean,2989.58,stdvar,21.7983
Mean,2985.41,stdvar,21.6158
Mean,2982.89,stdvar,21.5123
Mean,2984.42,stdvar,21.9292
Mean,2986.38,stdvar,22.2534

4 year Storage Distribution
2949.55,2971.35,2986.38,3001.35,3022.66
2947.93,2969.79,2984.76,2999.58,3020.72
2947.59,2969.43,2984.45,2999.37,3020.55
2949.5,2971.78,2986.93,3002.04,3023.4
2958.81,2981.47,2996.92,3012.22,3033.97
2964.9,2987.59,3003.22,3018.49,3040.48
2960.24,2982.72,2998.35,3013.54,3035.56
2953.11,2975.59,2991.1,3006.19,3027.87
2948.11,2970.46,2985.85,3000.76,3022.28
2944.45,2966.55,2981.73,2996.54,3017.84
2942.25,2964.19,2979.26,2993.97,3015.1
2943.17,2965.44,2980.78,2995.89,3017.39
2944.73,2967.33,2982.72,2998.24,3019.76

Mean,2984.76,stdvar,22.1382
Mean,2984.45,stdvar,22.2103
Mean,2986.93,stdvar,22.4737
Mean,2996.92,stdvar,22.8554
Mean,3003.22,stdvar,22.9694
Mean,2998.35,stdvar,22.8833
Mean,2991.1,stdvar,22.7284
Mean,2985.85,stdvar,22.5162
Mean,2981.73,stdvar,22.3103
Mean,2979.26,stdvar,22.1849
Mean,2980.78,stdvar,22.621
Mean,2982.72,stdvar,22.8645

5 year Storage Distribution
2944.73,2967.33,2982.72,2998.24,3019.76
2943.36,2965.85,2981.25,2996.53,3017.93
2942.96,2965.55,2981.08,2996.36,3017.76
2944.96,2967.98,2983.69,2998.97,3020.98
2954.4,2977.68,2993.58,3009.25,3031.65
2960.47,2983.94,2999.94,3015.67,3037.92
2955.82,2979.19,2995.09,3010.71,3032.88
2948.82,2972.02,2987.8,3003.44,3025.48
2944.04,2967.03,2982.67,2998.08,3019.84
2940.41,2963.17,2978.62,2993.91,3015.34
2938.2,2960.87,2976.15,2991.43,3012.91
2939.03,2962.2,2977.75,2993.2,3015.2
2940.71,2964.06,2979.93,2995.46,3017.69

Mean,2981.25,stdvar,22.7528
Mean,2981.08,stdvar,22.8289
Mean,2983.69,stdvar,23.0795
Mean,2993.58,stdvar,23.4583
Mean,2999.94,stdvar,23.552
Mean,2995.09,stdvar,23.451
Mean,2987.8,stdvar,23.2883
Mean,2982.67,stdvar,23.0584
Mean,2978.62,stdvar,22.8431
Mean,2976.15,stdvar,22.7153
Mean,2977.75,stdvar,23.1216
Mean,2979.93,stdvar,23.3765

6 year Storage Distribution
2940.71,2964.06,2979.93,2995.46,3017.69
2939.38,2962.61,2978.4,2993.85,3015.97
2939.19,2962.44,2978.29,2993.78,3015.85
2941.54,2964.77,2980.79,2996.5,3018.84
2950.86,2974.62,2990.89,3006.74,3029.51
2957.03,2980.9,2997.25,3013.16,3035.91
2952.49,2976.24,2992.49,3008.38,3030.86
2945.69,2969.23,2985.3,3001.03,3023.38
2940.84,2964.22,2980.16,2995.82,3017.86
2937.27,2960.45,2976.21,2991.69,3013.49
2935.02,2958.05,2973.83,2989.25,3010.91
2935.94,2959.51,2975.55,2991.22,3013.21
2937.75,2961.47,2977.69,2993.5,3015.79

Mean,2978.4,stdvar,23.2534
Mean,2978.29,stdvar,23.2966
Mean,2980.79,stdvar,23.5249
Mean,2990.89,stdvar,23.8889
Mean,2997.25,stdvar,23.9873
Mean,2992.49,stdvar,23.8534
Mean,2985.3,stdvar,23.6768
Mean,2980.16,stdvar,23.4533
Mean,2976.21,stdvar,23.2307
Mean,2973.83,stdvar,23.106
Mean,2975.55,stdvar,23.4983
Mean,2977.69,stdvar,23.7316

7 year Storage Distribution
2937.75,2961.47,2977.69,2993.5,3015.79
2936.43,2960.03,2976.25,2991.95,3014.09
2936.29,2959.99,2976.11,2991.81,3014.07
2938.63,2962.39,2978.6,2994.62,3016.87
2948.24,2972.31,2988.65,3004.88,3027.77
2954.6,2978.7,2995.11,3011.35,3034.42
2949.99,2974.01,2990.37,3006.48,3029.37
2943.15,2967.01,2983.23,2999.13,3021.92
2938.44,2962.1,2978.12,2993.91,3016.36
2934.88,2958.31,2974.3,2989.9,3012.18
2932.7,2956.08,2971.95,2987.46,3009.56
2933.75,2957.44,2973.63,2989.43,3012.04
2935.43,2959.51,2975.79,2991.7,3014.54

Mean,2976.25,stdvar,23.6031
Mean,2976.11,stdvar,23.6356
Mean,2978.6,stdvar,23.841
Mean,2988.65,stdvar,24.1744
Mean,2995.11,stdvar,24.2437
Mean,2990.37,stdvar,24.144
Mean,2983.23,stdvar,23.9469
Mean,2978.12,stdvar,23.6952
Mean,2974.3,stdvar,23.4842
Mean,2971.95,stdvar,23.3312
Mean,2973.63,stdvar,23.7519
Mean,2975.79,stdvar,23.9866

8 year Storage Distribution
2935.43,2959.51,2975.79,2991.7,3014.54
2934.16,2958.13,2974.34,2990.22,3012.8
2934.23,2957.98,2974.21,2990.23,3012.71
2936.69,2960.49,2976.84,2992.96,3015.78
2946.22,2970.46,2987.01,3003.31,3026.36
2952.41,2976.77,2993.39,3009.77,3032.88
2947.81,2972.2,2988.7,3005.01,3027.78
2940.97,2965.24,2981.63,2997.77,3020.51
2936.33,2960.33,2976.52,2992.53,3015.02
2932.9,2956.57,2972.65,2988.43,3010.73
2930.87,2954.42,2970.37,2986.03,3008.2
2931.85,2955.8,2972.02,2988,3010.67
2933.64,2957.84,2974.21,2990.35,3013.37

Mean,2974.34,stdvar,23.8359
Mean,2974.21,stdvar,23.8718
Mean,2976.84,stdvar,24.0616
Mean,2987.01,stdvar,24.4119
Mean,2993.39,stdvar,24.4961
Mean,2988.7,stdvar,24.38
Mean,2981.63,stdvar,24.1892
Mean,2976.52,stdvar,23.9424
Mean,2972.65,stdvar,23.7062
Mean,2970.37,stdvar,23.565
Mean,2972.02,stdvar,23.9419
Mean,2974.21,stdvar,24.1914

9 year Storage Distribution
2933.64,2957.84,2974.21,2990.35,3013.37
2932.44,2956.38,2972.76,2988.79,3011.59
2932.39,2956.33,2972.69,2988.74,3011.66
2934.7,2958.89,2975.33,2991.57,3014.56
2944.24,2968.76,2985.5,3001.85,3025.19
2950.64,2975.18,2991.95,3008.37,3031.78
2946.15,2970.62,2987.2,3003.66,3026.99
2939.42,2963.65,2980.21,2996.52,3019.58
2934.61,2958.77,2975.21,2991.29,3014.1
2931.16,2955.05,2971.39,2987.28,3009.81
2929.26,2952.82,2969.01,2984.84,3007.36
2930.15,2954.37,2970.79,2986.84,3009.66
2931.99,2956.48,2973.06,2989.24,3012.09

Mean,2972.76,stdvar,24.055
Mean,2972.69,stdvar,24.083
Mean,2975.33,stdvar,24.28
Mean,2985.5,stdvar,24.617
Mean,2991.95,stdvar,24.6672
Mean,2987.2,stdvar,24.5618
Mean,2980.21,stdvar,24.364
Mean,2975.21,stdvar,24.1427
Mean,2971.39,stdvar,23.9084
Mean,2969.01,stdvar,23.7423
Mean,2970.79,stdvar,24.1147
Mean,2973.06,stdvar,24.346

10 year Storage Distribution
2931.99,2956.48,2973.06,2989.24,3012.09
2930.85,2955.08,2971.54,2987.67,3010.48
2930.75,2955.16,2971.57,2987.68,3010.46
2933.3,2957.72,2974.24,2990.62,3013.59
2942.98,2967.58,2984.38,3000.97,3024.23
2949.4,2973.97,2990.79,3007.43,3030.81
2944.83,2969.42,2986.13,3002.71,3025.93
2938.32,2962.45,2979.13,2995.54,3018.52
2933.71,2957.55,2974.07,2990.27,3013.12
2930.02,2953.85,2970.21,2986.28,3009
2928.15,2951.72,2967.97,2983.93,3006.37
2929.25,2953.24,2969.6,2985.99,3008.76
2931.26,2955.34,2971.89,2988.32,3011.51

Mean,2971.54,stdvar,24.2112
Mean,2971.57,stdvar,24.2333
Mean,2974.24,stdvar,24.4133
Mean,2984.38,stdvar,24.736
Mean,2990.79,stdvar,24.8109
Mean,2986.13,stdvar,24.6854
Mean,2979.13,stdvar,24.4956
Mean,2974.07,stdvar,24.2382
Mean,2970.21,stdvar,24.0169
Mean,2967.97,stdvar,23.8598
Mean,2969.6,stdvar,24.1879
Mean,2971.89,stdvar,24.4172

11 year Storage Distribution
2931.26,2955.34,2971.89,2988.32,3011.51
2929.92,2954.13,2970.5,2986.85,3009.72
2930.05,2954.05,2970.57,2986.81,3009.83
2932.46,2956.69,2973.26,2989.65,3012.7
2942.04,2966.68,2983.37,2999.95,3023.45
2948.37,2973.1,2989.79,3006.46,3030.11
2943.9,2968.5,2985.15,3001.77,3025.3
2937.14,2961.55,2978.13,2994.54,3017.93
2932.64,2956.68,2973.07,2989.42,3012.43
2929.1,2953.07,2969.28,2985.48,3008.25
2927.15,2950.94,2967.05,2983.13,3005.69
2928.24,2952.46,2968.89,2985.07,3008.08
2930.17,2954.53,2971.08,2987.4,3010.74

Mean,2970.5,stdvar,24.2654
Mean,2970.57,stdvar,24.266
Mean,2973.26,stdvar,24.4611
Mean,2983.37,stdvar,24.7656
Mean,2989.79,stdvar,24.8483
Mean,2985.15,stdvar,24.7205
Mean,2978.13,stdvar,24.5215
Mean,2973.07,stdvar,24.2664
Mean,2969.28,stdvar,24.0378
Mean,2967.05,stdvar,23.8809
Mean,2968.89,stdvar,24.2395
Mean,2971.08,stdvar,24.4652

12 year Storage Distribution
2930.17,2954.53,2971.08,2987.4,3010.74
2929.03,2953.2,2969.73,2985.98,3009.01
2928.98,2953.25,2969.75,2986.02,3009.19
2931.3,2955.84,2972.6,2988.87,3012.26
2940.94,2965.83,2982.7,2999.16,3022.84
2947.32,2972.22,2989.3,3005.87,3029.35
2942.84,2967.74,2984.69,3001.17,3024.53
2936.28,2960.75,2977.63,2993.94,3017.23
2931.58,2955.97,2972.65,2988.76,3011.79
2928.14,2952.35,2968.85,2984.85,3007.63
2926.07,2950.17,2966.56,2982.52,3005.14
2927.32,2951.77,2968.3,2984.49,3007.34
2929.17,2953.86,2970.58,2986.94,3009.95

Mean,2969.73,stdvar,24.3034
Mean,2969.75,stdvar,24.3262
Mean,2972.6,stdvar,24.5288
Mean,2982.7,stdvar,24.8552
Mean,2989.3,stdvar,24.9479
Mean,2984.69,stdvar,24.8238
Mean,2977.63,stdvar,24.6134
Mean,2972.65,stdvar,24.3687
Mean,2968.85,stdvar,24.1375
Mean,2966.56,stdvar,23.988
Mean,2968.3,stdvar,24.3108
Mean,2970.58,stdvar,24.5502

13 year Storage Distribution
2929.17,2953.86,2970.58,2986.94,3009.95
2928.08,2952.59,2969.19,2985.41,3008.36
2928.12,2952.6,2969.22,2985.44,3008.4
2930.61,2955.24,2972.01,2988.4,3011.58
2940.16,2965.15,2982.19,2998.75,3022.21
2946.55,2971.67,2988.69,3005.32,3029
2942.18,2967.24,2984.09,3000.64,3024.08
2935.54,2960.26,2977.04,2993.49,3016.67
2930.92,2955.52,2972.08,2988.33,3011.28
2927.45,2951.87,2968.3,2984.44,3007.02
2925.44,2949.69,2966.08,2982.11,3004.53
2926.49,2951.15,2967.86,2984.14,3006.97
2928.58,2953.27,2970.13,2986.61,3009.62

Mean,2969.19,stdvar,24.392
Mean,2969.22,stdvar,24.4155
Mean,2972.01,stdvar,24.6
Mean,2982.19,stdvar,24.9297
Mean,2988.69,stdvar,25.0122
Mean,2984.09,stdvar,24.8849
Mean,2977.04,stdvar,24.6811
Mean,2972.08,stdvar,24.4242
Mean,2968.3,stdvar,24.1911
Mean,2966.08,stdvar,24.047
Mean,2967.86,stdvar,24.4431
Mean,2970.13,stdvar,24.6827

14 year Storage Distribution
2928.58,2953.27,2970.13,2986.61,3009.62
2927.33,2951.93,2968.72,2985.13,3007.88
2927.36,2951.95,2968.78,2985.15,3008.11
2929.99,2954.62,2971.54,2988.06,3011.09
2939.62,2964.5,2981.72,2998.37,3021.97
2946.1,2971,2988.21,3005.01,3028.47
2941.81,2966.44,2983.64,3000.29,3023.61
2934.99,2959.63,2976.58,2993.08,3016.28
2930.45,2954.86,2971.66,2987.87,3010.95
2927.01,2951.15,2967.84,2984,3006.58
2925.1,2949.12,2965.59,2981.66,3004.07
2926.37,2950.7,2967.26,2983.75,3006.61
2928.27,2952.84,2969.51,2986.1,3009.17

Mean,2968.72,stdvar,24.5296
Mean,2968.78,stdvar,24.5446
Mean,2971.54,stdvar,24.7107
Mean,2981.72,stdvar,25.0619
Mean,2988.21,stdvar,25.1164
Mean,2983.64,stdvar,24.9788
Mean,2976.58,stdvar,24.7512
Mean,2971.66,stdvar,24.4926
Mean,2967.84,stdvar,24.263
Mean,2965.59,stdvar,24.1009
Mean,2967.26,stdvar,24.4424
Mean,2969.51,stdvar,24.6329

15 year Storage Distribution
2928.27,2952.84,2969.51,2986.1,3009.17
2927.1,2951.61,2968.22,2984.58,3007.49
2927.25,2951.67,2968.21,2984.68,3007.69
2929.62,2954.33,2971.01,2987.63,3010.86
2939.52,2964.27,2981.27,2998.05,3021.59
2945.78,2970.85,2987.79,3004.61,3028.2
2941.38,2966.44,2983.22,2999.99,3023.22
2934.71,2959.55,2976.17,2992.82,3015.96
2930.08,2954.75,2971.3,2987.74,3010.46
2926.81,2951,2967.41,2983.79,3006.25
2924.73,2948.95,2965.29,2981.35,3003.81
2925.97,2950.48,2967.1,2983.4,3006.36
2927.79,2952.62,2969.32,2985.84,3008.96

Mean,2968.22,stdvar,24.4802
Mean,2968.21,stdvar,24.5252
Mean,2971.01,stdvar,24.7018
Mean,2981.27,stdvar,24.9829
Mean,2987.79,stdvar,25.0499
Mean,2983.22,stdvar,24.889
Mean,2976.17,stdvar,24.6805
Mean,2971.3,stdvar,24.4457
Mean,2967.41,stdvar,24.2071
Mean,2965.29,stdvar,24.0466
Mean,2967.1,stdvar,24.4174
Mean,2969.32,stdvar,24.6537

16 year Storage Distribution
2927.79,2952.62,2969.32,2985.84,3008.96
2926.68,2951.33,2967.99,2984.34,3007.5
2926.68,2951.35,2968.01,2984.42,3007.49
2929.14,2953.96,2970.8,2987.32,3010.63
2938.8,2963.9,2981.02,2997.7,3021.23
2945.43,2970.35,2987.5,3004.24,3027.94
2940.98,2965.81,2982.82,2999.59,3023.2
2934.28,2959,2975.87,2992.44,3015.8
2929.49,2954.14,2970.88,2987.29,3010.43
2926.3,2950.56,2967.13,2983.37,3006.11
2924.23,2948.43,2964.89,2981.02,3003.6
2925.53,2949.98,2966.63,2983.07,3006.05
2927.45,2952.03,2968.89,2985.47,3008.6

Mean,2967.99,stdvar,24.4952
Mean,2968.01,stdvar,24.5357
Mean,2970.8,stdvar,24.7153
Mean,2981.02,stdvar,25.0329
Mean,2987.5,stdvar,25.1146
Mean,2982.82,stdvar,24.9812
Mean,2975.87,stdvar,24.7837
Mean,2970.88,stdvar,24.5228
Mean,2967.13,stdvar,24.2803
Mean,2964.89,stdvar,24.1396
Mean,2966.63,stdvar,24.5189
Mean,2968.89,stdvar,24.7314

17 year Storage Distribution
2927.45,2952.03,2968.89,2985.47,3008.6
2926.3,2950.87,2967.55,2984.01,3007.08
2926.37,2950.91,2967.64,2984.1,3007.07
2928.95,2953.52,2970.4,2987.03,3010.13
2938.57,2963.67,2980.61,2997.47,3021.04
2945.08,2970.1,2987.15,3004.05,3027.58
2940.53,2965.6,2982.58,2999.32,3022.64
2933.78,2958.69,2975.71,2992.25,3015.46
2929.07,2953.97,2970.63,2987.09,3010.04
2925.67,2950.35,2966.81,2983.18,3005.82
2923.72,2948.15,2964.67,2980.81,3003.33
2924.98,2949.83,2966.57,2982.87,3005.86
2927,2951.94,2968.79,2985.23,3008.44

Mean,2967.55,stdvar,24.5744
Mean,2967.64,stdvar,24.6078
Mean,2970.4,stdvar,24.7731
Mean,2980.61,stdvar,25.1031
Mean,2987.15,stdvar,25.1603
Mean,2982.58,stdvar,25.0208
Mean,2975.71,stdvar,24.8266
Mean,2970.63,stdvar,24.5822
Mean,2966.81,stdvar,24.3583
Mean,2964.67,stdvar,24.1925
Mean,2966.57,stdvar,24.5359
Mean,2968.79,stdvar,24.7351

18 year Storage Distribution
2927,2951.94,2968.79,2985.23,3008.44
2925.76,2950.72,2967.44,2983.68,3006.79
2925.79,2950.74,2967.54,2983.78,3006.92
2928.41,2953.4,2970.32,2986.71,3010.05
2938.26,2963.4,2980.53,2997.2,3020.78
2944.7,2969.85,2987.06,3003.76,3027.58
2940.3,2965.41,2982.43,2999.04,3022.6
2933.65,2958.47,2975.48,2991.96,3015.26
2929.09,2953.71,2970.55,2986.86,3009.94
2925.62,2950.12,2966.76,2982.94,3005.73
2923.78,2948.01,2964.57,2980.67,3003.25
2924.83,2949.6,2966.2,2982.68,3005.61
2926.94,2951.82,2968.54,2985.02,3008.17

Mean,2967.44,stdvar,24.5868
Mean,2967.54,stdvar,24.6076
Mean,2970.32,stdvar,24.7959
Mean,2980.53,stdvar,25.12
Mean,2987.06,stdvar,25.1832
Mean,2982.43,stdvar,25.0417
Mean,2975.48,stdvar,24.8458
Mean,2970.55,stdvar,24.605
Mean,2966.76,stdvar,24.3757
Mean,2964.57,stdvar,24.2162
Mean,2966.2,stdvar,24.5648
Mean,2968.54,stdvar,24.7569

19 year Storage Distribution
2926.94,2951.82,2968.54,2985.02,3008.17
2925.89,2950.47,2967.22,2983.61,3006.68
2925.84,2950.51,2967.26,2983.78,3006.81
2928.26,2953.22,2970.04,2986.68,3009.88
2937.96,2963.31,2980.38,2997.09,3020.59
2944.56,2969.72,2986.94,3003.68,3027.19
2940.07,2965.22,2982.27,2998.99,3022.35
2933.47,2958.35,2975.28,2991.9,3015.16
2928.81,2953.55,2970.32,2986.73,3009.64
2925.44,2950,2966.54,2982.76,3005.43
2923.56,2947.84,2964.32,2980.47,3002.91
2924.85,2949.43,2966.28,2982.42,3005.35
2926.67,2951.43,2968.49,2984.87,3008.06

Mean,2967.22,stdvar,24.6074
Mean,2967.26,stdvar,24.6639
Mean,2970.04,stdvar,24.856
Mean,2980.38,stdvar,25.1588
Mean,2986.94,stdvar,25.2145
Mean,2982.27,stdvar,25.0755
Mean,2975.28,stdvar,24.869
Mean,2970.32,stdvar,24.6093
Mean,2966.54,stdvar,24.354
Mean,2964.32,stdvar,24.2059
Mean,2966.28,stdvar,24.5703
Mean,2968.49,stdvar,24.7746

20 year Storage Distribution
2926.67,2951.43,2968.49,2984.87,3008.06
2925.66,2950.3,2967.14,2983.4,3006.48
2925.53,2950.39,2967.25,2983.51,3006.6
2927.95,2953.14,2970.08,2986.41,3009.73
2937.76,2963.16,2980.22,2996.86,3020.44
2944.37,2969.77,2986.66,3003.46,3027.15
2940.01,2965.22,2982.09,2998.71,3022.28
2933.13,2958.36,2975.06,2991.63,3014.99
2928.71,2953.59,2970.16,2986.48,3009.62
2925.38,2950.01,2966.34,2982.56,3005.37
2923.29,2947.92,2964.16,2980.19,3002.86
2924.77,2949.41,2965.96,2982.37,3005.4
2926.82,2951.56,2968.23,2984.72,3008.15

Mean,2967.14,stdvar,24.61
Mean,2967.25,stdvar,24.6392
Mean,2970.08,stdvar,24.8231
Mean,2980.22,stdvar,25.1051
Mean,2986.66,stdvar,25.172
Mean,2982.09,stdvar,25.0323
Mean,2975.06,stdvar,24.8381
Mean,2970.16,stdvar,24.5946
Mean,2966.34,stdvar,24.3473
Mean,2964.16,stdvar,24.1935
Mean,2965.96,stdvar,24.5651
Mean,2968.23,stdvar,24.7978

21 year Storage Distribution
2926.82,2951.56,2968.23,2984.72,3008.15
2925.97,2950.4,2966.9,2983.18,3006.33
2925.45,2950.32,2967.1,2983.56,3007.17
2926.99,2952.64,2969.89,2986.77,3011.05
2935.74,2962.26,2980.04,2997.72,3022.76
2941.4,2968.4,2986.63,3004.6,3030.12
2936.45,2963.65,2981.98,3000.12,3025.8
2929.46,2956.78,2974.99,2993.13,3018.75
2924.67,2951.84,2969.99,2988.01,3013.56
2921.12,2948.09,2966.18,2984.17,3009.49
2918.97,2945.9,2964.1,2981.92,3007.24
2919.84,2947.22,2965.96,2984.29,3010.16
2921.19,2949.12,2968.25,2987.1,3013.75

Mean,2966.9,stdvar,24.4921
Mean,2967.1,stdvar,24.8642
Mean,2969.89,stdvar,25.5294
Mean,2980.04,stdvar,26.4111
Mean,2986.63,stdvar,26.9806
Mean,2981.98,stdvar,27.1496
Mean,2974.99,stdvar,27.1452
Mean,2969.99,stdvar,27.0338
Mean,2966.18,stdvar,26.9006
Mean,2964.1,stdvar,26.8805
Mean,2965.96,stdvar,27.5148
Mean,2968.25,stdvar,28.1873

